  14   20   14   14   40   40   14    0    0    0    0    0   14   14
9999
   1   2  Bus_1  HV1  1060  0                            0.0  0.0      1        1  233.8 1.549 1  -16.6 .1098 1 1061.1 .7069    1    0    1
   2   1  Bus_2  HV1  1045     40.0      -40. 50.       21.7 12.7      1        1  18.32 .1221 1  30.87 .2057 0   1045 0.033    2    0    2
   3   1  Bus_3  HV1  1010      0.0        0. 40.       94.2 19.0      1        1  -95.4 .6291 1  6.135 .0406 0   1010 0.033    3    0    3
   4   0  Bus_4  HV1                                    47.8 -3.9      1        1  -47.7 .3173 1  3.912 .0263 0   1018 0.033    4    0    4
   5   0  Bus_5  HV1                                     7.6  1.6      1        0   -7.6 0.033 0   -1.6 0.033 0   1020 0.033    5    0    5
   6   1  Bus_6  LV1  1070      0.0      -6.0 24.       11.2  7.5      1        1  -11.2 .0746 1  5.127 .0344 0   1070 0.033    6    0    6
   7   0  ficticia                                       0.0  0.0      1        1 -.0205 0.005 1  .0186 0.005 0   1062 0.033    7    0    7
   8   1  Bus_8  TV1  1090      0.0      -6.0 24.        0.0  0.0      1        1 -.0068 0.005 1  17.66 .1175 0   1090 0.033    8    0    8
   9   0  Bus_9  LV1                                    29.5 16.6 19.0 1        1  -29.8 .1976 1 -16.65 .1111 0   1056 0.033    9    0    9
  10   0  Bus_10 LV1                                     9.0  5.8      1        1 -9.012 0.060 1 -5.754 .0385 0   1051 0.033   10    0   10
  11   0  Bus_11 LV1                                     3.5  1.8      1        0   -3.5 0.033 0   -1.8 0.033 0   1057 0.033   11    0   11
  12   0  Bus_12 LV1                                     6.1  1.6      1        1  -6.09 .0407 1 -1.617 .0108 0   1055 0.033   12    0   12
  13   0  Bus_13 LV1                                    13.5  5.8      1        0  -13.5 0.033 0   -5.8 0.033 0   1050 0.033   13    0   13
  14   0  Bus_14 LV1                                    14.9  5.0      1        1 -14.74 .0991 1 -4.982 .0331 0   1036 0.033   14    0   14
9999
   1       2 1    1.938 5.917  5.28                                             1  158.9 1.046 1  -20.4 0.033       0 -152.6 0.033 1   27.7 0.033  
   1       5 1    5.40322.304  4.92                                             1  75.59 .5035 1    3.9 0.033       0  -72.7 0.033 1    2.2 0.033  
   2       3 1    4.69919.797  4.38                                             0  -71.6 0.033 1    3.6 0.033       1  -71.6 .4733 1    1.6 0.033  
   2       4 1    5.81117.632  3.40                                             1   56.1 0.033 1  -1.55 0.033       1  -54.5 0.033 1    3.0 0.033  
   2       5 1    5.69517.388  3.46                                             0   41.5 0.033 1    1.2 0.033       1 -40.56 .2707 1   -2.1 0.033  
   3       4 1    6.70117.103  1.28                                             0  -23.3 0.033 1    4.5 0.033       1  23.76 .1583 1   -4.8 0.033  
   4       5 1    1.335 4.211                                                   1  -60.7 .4076 1   15.8 0.033       0   61.7 0.033 1  -14.2 0.033  
   4       7 1         20.912      0.978                                        1   28.1 0.033 1   -9.7 0.033       1  -28.1 0.033 1   11.4 0.033  
   4       9 1         55.618      0.969                                        0   16.1 0.033 1   -0.4 0.033       1  -16.3 .1074 1    1.7 0.033  
   5       6 1         25.202      0.932                                        0   44.1 0.033 1   12.5 0.033       1  -44.0 0.294 1   -8.1 0.033  
   6      11 1    9.49819.890                                                   1   7.34 .0492 1    3.6 0.033       0   -7.3 0.033 1   -3.4 0.033  
   6      12 1   12.29125.581                                                   1   7.90 .0519 1    2.5 0.033       1   -7.7 .0514 1   -2.4 0.033  
   6      13 1    6.61513.027                                                   1  17.83 .1183 1    7.2 0.033       0  -17.5 0.033 1   -6.8 0.033  
   7       8 1         17.615                                                   1  .0068 0.005 1  -17.2 0.033       1  .0068 0.005 1   17.6 0.033  
   7       9 1         11.001                                                   0   28.1 0.033 1    5.8 0.033       1  -28.3 .1874 1   -5.0 0.033  
   9      10 1    3.181 8.450                                                   0    5.2 0.033 1    4.2 0.033       1  -5.17 .0346 1   -4.2 0.033  
   9      14 1   12.71127.038                                                   0    9.4 0.033 1    3.6 0.033       0   -9.3 0.033 1   -3.4 0.033  
  10      11 1    8.20519.207                                                   1  -3.82 .0253 1   -1.6 0.033       0    3.8 0.033 1    1.6 0.033  
  12      13 1   22.09219.988                                                   1   1.61 .0107 1   0.75 0.033       0   -1.6 0.033 1  -0.74 0.033  
  13      14 1   17.09334.802                                                   0    5.6 0.033 1    1.7 0.033       1   -5.4 .0373 1   -1.6 0.033  
9999

