   1   2  Bus_1  HV1  1060  0                            0.0  0.0      1   0.079 2    0.1 
   2   1  Bus_2  HV1  1045     40.0      -40. 50.       21.7 12.7      1   0.053 2    1.25 
   3   1  Bus_3  HV1  1010      0.0        0. 40.       94.2 19.0      2   0.026 2    0.75 
   4   0  Bus_4  HV1                                    47.8 -3.9      0                    
   5   0  Bus_5  HV1                                     7.6  1.6      0                    
   6   1  Bus_6  LV1  1070      0.0      -6.0 24.       11.2  7.5      2   0.014 2    1.5 
   7   0  ficticia                                       0.0  0.0      0                    
   8   1  Bus_8  TV1  1090      0.0      -6.0 24.        0.0  0.0      2   0.067 2    1.2 
   9   0  Bus_9  LV1                                    29.5 16.6 19.0 0                    
  10   0  Bus_10 LV1                                     9.0  5.8      0                    
  11   0  Bus_11 LV1                                     3.5  1.8      0                    
  12   0  Bus_12 LV1                                     6.1  1.6      0                    
  13   0  Bus_13 LV1                                    13.5  5.8      0                    
  14   0  Bus_14 LV1                                    14.9  5.0      0                    
9999
   1       2 1    1.938 5.917  5.28                                             
   1       5 1    5.40322.304  4.92                                             
   2       3 1    4.69919.797  4.38                                             
   2       4 1    5.81117.632  3.40                                             
   2       5 1    5.69517.388  3.46                                             
   3       4 1    6.70117.103  1.28                                             
   4       5 1    1.335 4.211                                                   
   4       7 1         20.912      0.978                                        
   4       9 1         55.618      0.969                                        
   5       6 1         25.202      0.932                                        
   6      11 1    9.49819.890                                                   
   6      12 1   12.29125.581                                                   
   6      13 1    6.61513.027                                                   
   7       8 1         17.615                                                   
   7       9 1         11.001                                                   
   9      10 1    3.181 8.450                                                   
   9      14 1   12.71127.038                                                   
  10      11 1    8.20519.207                                                   
  12      13 1   22.09219.988                                                   
  13      14 1   17.09334.802                                                   
9999

